Event1 onset	Trial type	ISI1	Event1Dur	
0.0000	1.0000	1.1181	1.0000	
2.1181	1.0000	0.8440	1.0000	
3.9621	1.0000	0.9781	1.0000	
5.9402	1.0000	0.8996	1.0000	
7.8398	1.0000	0.8319	1.0000	
9.6717	1.0000	1.3199	1.0000	
11.9916	1.0000	0.9663	1.0000	
13.9579	1.0000	0.9065	1.0000	
15.8644	1.0000	1.0330	1.0000	
17.8974	1.0000	0.9813	1.0000	
19.8787	1.0000	0.8004	1.0000	
21.6791	1.0000	1.1599	1.0000	
23.8390	2.0000	1.0436	1.0000	
25.8826	1.0000	1.3995	1.0000	
28.2821	1.0000	0.7647	1.0000	
30.0469	1.0000	0.7132	1.0000	
31.7600	2.0000	0.9897	1.0000	
33.7497	1.0000	0.7825	1.0000	
35.5322	1.0000	0.8889	1.0000	
37.4211	1.0000	0.8072	1.0000	
39.2284	2.0000	0.8518	1.0000	
41.0802	1.0000	1.0648	1.0000	
43.1450	1.0000	0.7358	1.0000	
44.8808	1.0000	1.4374	1.0000	
47.3182	1.0000	1.4845	1.0000	
49.8027	2.0000	0.8698	1.0000	
51.6724	1.0000	1.1525	1.0000	
53.8250	1.0000	0.8441	1.0000	
55.6691	1.0000	1.1772	1.0000	
57.8462	1.0000	0.9895	1.0000	
59.8358	1.0000	0.7813	1.0000	
61.6171	1.0000	1.5916	1.0000	
64.2087	1.0000	0.9020	1.0000	
66.1107	1.0000	1.5680	1.0000	
68.6786	1.0000	1.9382	1.0000	
71.6169	1.0000	0.9103	1.0000	
73.5272	1.0000	1.6097	1.0000	
76.1368	1.0000	0.9246	1.0000	
78.0615	2.0000	0.8846	1.0000	
79.9461	1.0000	1.5680	1.0000	
82.5141	1.0000	1.0372	1.0000	
84.5512	2.0000	0.7084	1.0000	
86.2597	1.0000	0.7007	1.0000	
87.9603	1.0000	1.2119	1.0000	
90.1723	1.0000	0.8828	1.0000	
92.0550	1.0000	0.7732	1.0000	
93.8282	1.0000	0.9897	1.0000	
95.8179	2.0000	0.9813	1.0000	
97.7992	1.0000	0.8198	1.0000	
99.6190	1.0000	0.8911	1.0000	
101.5101	1.0000	1.1936	1.0000	
103.7037	2.0000	0.7183	1.0000	
105.4220	1.0000	0.8906	1.0000	
107.3126	1.0000	1.0395	1.0000	
109.3521	1.0000	0.7680	1.0000	
111.1201	2.0000	0.7999	1.0000	
112.9200	1.0000	0.7068	1.0000	
114.6268	2.0000	1.0395	1.0000	
116.6663	1.0000	0.8907	1.0000	
118.5569	1.0000	0.8449	1.0000	
120.4018	1.0000	0.9643	1.0000	
122.3661	1.0000	0.8649	1.0000	
124.2311	2.0000	1.4143	1.0000	
126.6454	1.0000	0.7503	1.0000	
128.3957	1.0000	1.0231	1.0000	
130.4188	1.0000	0.9648	1.0000	
132.3836	1.0000	1.6011	1.0000	
134.9847	1.0000	0.7376	1.0000	
136.7223	1.0000	0.9537	1.0000	
138.6760	2.0000	0.7014	1.0000	
140.3774	1.0000	0.8975	1.0000	
142.2749	1.0000	0.7126	1.0000	
143.9874	1.0000	0.7000	1.0000	
145.6874	2.0000	0.8530	1.0000	
147.5404	1.0000	0.9534	1.0000	
149.4938	1.0000	0.8698	1.0000	
151.3636	1.0000	0.8613	1.0000	
153.2249	1.0000	1.8496	1.0000	
156.0745	1.0000	2.0000	1.0000	
159.0745	1.0000	0.7360	1.0000	
160.8105	1.0000	0.8596	1.0000	
162.6701	1.0000	1.0236	1.0000	
164.6937	1.0000	1.1958	1.0000	
166.8895	1.0000	2.0000	1.0000	
169.8895	1.0000	0.7197	1.0000	
171.6092	2.0000	1.2402	1.0000	
173.8494	1.0000	1.1070	1.0000	
175.9564	1.0000	0.7987	1.0000	
177.7551	1.0000	0.9570	1.0000	
179.7121	2.0000	0.7132	1.0000	
181.4253	1.0000	1.5822	1.0000	
184.0075	1.0000	0.7257	1.0000	
185.7332	1.0000	0.8246	1.0000	
187.5578	2.0000	1.1936	1.0000	
189.7514	1.0000	1.2653	1.0000	
192.0167	1.0000	1.1487	1.0000	
194.1654	1.0000	1.1150	1.0000	
196.2804	1.0000	0.7230	1.0000	
198.0034	1.0000	0.7035	1.0000	
199.7069	2.0000	0.8198	1.0000	
201.5268	1.0000	0.9611	1.0000	
203.4879	1.0000	1.2895	1.0000	
205.7774	1.0000	1.0551	1.0000	
207.8325	1.0000	2.0000	1.0000	
210.8325	1.0000	0.8731	1.0000	
212.7056	1.0000	1.0286	1.0000	
214.7342	1.0000	0.9624	1.0000	
216.6966	1.0000	0.7380	1.0000	
218.4346	1.0000	1.7620	1.0000	
221.1967	2.0000	1.1919	1.0000	
223.3886	1.0000	0.8975	1.0000	
225.2861	1.0000	0.7215	1.0000	
227.0076	1.0000	1.3582	1.0000	
229.3658	1.0000	0.8733	1.0000	
231.2390	1.0000	0.8530	1.0000	
233.0920	1.0000	0.8497	1.0000	
234.9417	2.0000	0.7131	1.0000	
236.6549	1.0000	0.8478	1.0000	
238.5027	1.0000	1.7478	1.0000	
241.2505	1.0000	2.0000	1.0000	
244.2505	1.0000	1.0986	1.0000	
246.3491	2.0000	1.1149	1.0000	
248.4640	1.0000	0.8846	1.0000	
250.3486	1.0000	0.7068	1.0000	
252.0554	2.0000	1.0536	1.0000	
254.1090	1.0000	1.0014	1.0000	
256.1104	1.0000	0.9161	1.0000	
258.0265	1.0000	0.7018	1.0000	
259.7283	2.0000	1.1070	1.0000	
261.8354	1.0000	1.8244	1.0000	
264.6598	1.0000	0.7066	1.0000	
266.3664	1.0000	0.7131	1.0000	
268.0796	2.0000	0.7018	1.0000	
269.7814	1.0000	0.7197	1.0000	
271.5010	1.0000	1.1291	1.0000	
273.6302	2.0000	1.0286	1.0000	
275.6587	1.0000	0.9534	1.0000	
277.6122	2.0000	0.7573	1.0000	
279.3695	1.0000	1.1410	1.0000	
281.5105	1.0000	1.1594	1.0000	
283.6699	1.0000	1.1247	1.0000	
285.7947	2.0000	2.0000	1.0000	
288.7947	1.0000	0.7521	1.0000	
290.5467	1.0000	0.7183	1.0000	
292.2650	2.0000	1.0390	1.0000	
294.3040	1.0000	0.8425	1.0000	
296.1465	1.0000	0.9788	1.0000	
298.1252	1.0000	1.0436	1.0000	
300.1688	1.0000	0.9218	1.0000	
302.0906	1.0000	0.7510	1.0000	
303.8416	2.0000	1.9382	1.0000	
306.7799	1.0000	1.0504	1.0000	
308.8303	1.0000	2.0000	1.0000	
311.8303	1.0000	0.7643	1.0000	
313.5946	1.0000	1.1570	1.0000	
315.7516	1.0000	1.3643	1.0000	
318.1159	1.0000	1.1402	1.0000	
320.2560	2.0000	1.1599	1.0000	
322.4160	1.0000	0.8948	1.0000	
324.3108	1.0000	2.0000	1.0000	
327.3108	1.0000	0.9920	1.0000	
329.3028	1.0000	2.0000	1.0000	
332.3028	1.0000	0.8518	1.0000	
334.1546	1.0000	0.7084	1.0000	
335.8631	2.0000	0.7066	1.0000	
337.5697	1.0000	1.2402	1.0000	
339.8099	1.0000	0.7848	1.0000	
341.5947	1.0000	2.0000	1.0000	
344.5947	1.0000	1.3835	1.0000	
346.9782	1.0000	1.5200	1.0000	
349.4982	1.0000	1.1578	1.0000	
351.6560	1.0000	1.0657	1.0000	
353.7217	1.0000	1.1919	1.0000	
355.9137	1.0000	1.9866	1.0000	
358.9003	1.0000	1.2897	1.0000	
361.1900	1.0000	0.9757	1.0000	
363.1657	1.0000	0.7563	1.0000	
364.9220	1.0000	0.7505	1.0000	
366.6725	1.0000	0.9689	1.0000	
368.6414	1.0000	1.2724	1.0000	

