Event1 onset	Trial type	ISI1	Event1Dur	
0.0000	1.0000	0.8253	1.0000	
1.8253	1.0000	0.8364	1.0000	
3.6617	2.0000	0.9231	1.0000	
5.5848	1.0000	0.7475	1.0000	
7.3324	1.0000	1.0079	1.0000	
9.3403	1.0000	0.7525	1.0000	
11.0928	1.0000	0.9232	1.0000	
13.0160	1.0000	1.6763	1.0000	
15.6922	1.0000	1.1322	1.0000	
17.8244	2.0000	0.7541	1.0000	
19.5785	1.0000	0.9490	1.0000	
21.5275	1.0000	2.0000	1.0000	
24.5275	1.0000	1.1135	1.0000	
26.6410	1.0000	1.0288	1.0000	
28.6698	1.0000	0.7246	1.0000	
30.3944	2.0000	0.7390	1.0000	
32.1335	1.0000	0.7067	1.0000	
33.8402	1.0000	0.7832	1.0000	
35.6234	1.0000	0.8325	1.0000	
37.4559	1.0000	1.1652	1.0000	
39.6212	1.0000	0.7061	1.0000	
41.3272	2.0000	0.7793	1.0000	
43.1065	1.0000	1.1696	1.0000	
45.2761	1.0000	0.9670	1.0000	
47.2432	2.0000	0.8393	1.0000	
49.0824	1.0000	0.9404	1.0000	
51.0228	1.0000	1.0618	1.0000	
53.0846	1.0000	0.7660	1.0000	
54.8507	1.0000	0.7671	1.0000	
56.6178	1.0000	0.8070	1.0000	
58.4248	2.0000	0.8750	1.0000	
60.2997	1.0000	1.3001	1.0000	
62.5998	1.0000	1.0929	1.0000	
64.6928	1.0000	1.2093	1.0000	
66.9020	1.0000	1.2632	1.0000	
69.1653	1.0000	1.3039	1.0000	
71.4692	2.0000	0.7438	1.0000	
73.2129	1.0000	0.8004	1.0000	
75.0133	1.0000	0.8208	1.0000	
76.8342	1.0000	1.7975	1.0000	
79.6317	1.0000	0.8774	1.0000	
81.5091	1.0000	1.3678	1.0000	
83.8769	1.0000	1.7602	1.0000	
86.6370	1.0000	0.7247	1.0000	
88.3618	2.0000	0.8774	1.0000	
90.2392	1.0000	1.2662	1.0000	
92.5054	1.0000	1.5324	1.0000	
95.0378	1.0000	0.7849	1.0000	
96.8227	1.0000	2.0000	1.0000	
99.8227	1.0000	0.7090	1.0000	
101.5317	1.0000	0.9893	1.0000	
103.5210	2.0000	1.0147	1.0000	
105.5357	1.0000	1.3288	1.0000	
107.8645	1.0000	0.8774	1.0000	
109.7419	1.0000	1.1214	1.0000	
111.8633	1.0000	1.0533	1.0000	
113.9166	1.0000	1.4142	1.0000	
116.3308	1.0000	0.7867	1.0000	
118.1176	1.0000	1.4755	1.0000	
120.5931	1.0000	1.3959	1.0000	
122.9889	2.0000	2.0000	1.0000	
125.9889	1.0000	0.7615	1.0000	
127.7505	1.0000	0.9042	1.0000	
129.6546	1.0000	0.8807	1.0000	
131.5353	2.0000	0.8510	1.0000	
133.3864	1.0000	0.8510	1.0000	
135.2374	1.0000	1.2632	1.0000	
137.5006	1.0000	0.7214	1.0000	
139.2220	2.0000	1.0027	1.0000	
141.2248	1.0000	1.0559	1.0000	
143.2807	1.0000	0.7807	1.0000	
145.0613	1.0000	0.7912	1.0000	
146.8526	2.0000	1.1106	1.0000	
148.9632	1.0000	1.3624	1.0000	
151.3256	1.0000	1.2693	1.0000	
153.5949	1.0000	0.7235	1.0000	
155.3184	1.0000	0.8393	1.0000	
157.1576	1.0000	0.7115	1.0000	
158.8691	1.0000	0.8014	1.0000	
160.6705	2.0000	1.2632	1.0000	
162.9337	1.0000	1.7602	1.0000	
165.6939	1.0000	0.8691	1.0000	
167.5630	1.0000	0.7390	1.0000	
169.3021	1.0000	1.2993	1.0000	
171.6014	2.0000	1.0345	1.0000	
173.6358	1.0000	1.0065	1.0000	
175.6423	1.0000	0.8907	1.0000	
177.5330	1.0000	1.0926	1.0000	
179.6256	2.0000	0.9501	1.0000	
181.5758	1.0000	1.2848	1.0000	
183.8606	1.0000	1.5088	1.0000	
186.3694	1.0000	1.0411	1.0000	
188.4105	2.0000	1.3545	1.0000	
190.7650	1.0000	0.7643	1.0000	
192.5293	1.0000	0.8561	1.0000	
194.3854	2.0000	0.8545	1.0000	
196.2399	1.0000	1.0006	1.0000	
198.2405	1.0000	0.8200	1.0000	
200.0605	2.0000	1.0900	1.0000	
202.1505	1.0000	0.8691	1.0000	
204.0197	1.0000	1.2529	1.0000	
206.2725	1.0000	2.0000	1.0000	
209.2725	1.0000	1.6804	1.0000	
211.9529	1.0000	1.0312	1.0000	
213.9840	1.0000	0.7868	1.0000	
215.7709	2.0000	1.6804	1.0000	
218.4512	1.0000	1.4790	1.0000	
220.9302	1.0000	0.7795	1.0000	
222.7097	1.0000	0.8545	1.0000	
224.5642	1.0000	1.1444	1.0000	
226.7085	1.0000	2.0000	1.0000	
229.7085	1.0000	1.6334	1.0000	
232.3419	1.0000	2.0000	1.0000	
235.3419	2.0000	0.7798	1.0000	
237.1217	1.0000	0.7334	1.0000	
238.8551	1.0000	0.7793	1.0000	
240.6344	1.0000	0.7475	1.0000	
242.3819	2.0000	1.2529	1.0000	
244.6348	1.0000	1.0074	1.0000	
246.6422	1.0000	1.6869	1.0000	
249.3291	2.0000	1.5088	1.0000	
251.8379	1.0000	1.3323	1.0000	
254.1702	1.0000	0.8641	1.0000	
256.0343	1.0000	1.2034	1.0000	
258.2377	2.0000	0.7234	1.0000	
259.9610	1.0000	1.0186	1.0000	
261.9797	1.0000	0.9457	1.0000	
263.9254	2.0000	1.0147	1.0000	
265.9402	1.0000	1.0661	1.0000	
268.0062	1.0000	1.3461	1.0000	
270.3523	1.0000	0.7783	1.0000	
272.1306	1.0000	1.3193	1.0000	
274.4499	1.0000	1.0345	1.0000	
276.4844	1.0000	0.8144	1.0000	
278.2988	1.0000	1.1118	1.0000	
280.4106	1.0000	0.7119	1.0000	
282.1225	1.0000	1.2823	1.0000	
284.4049	1.0000	0.8962	1.0000	
286.3011	1.0000	0.8530	1.0000	
288.1541	1.0000	0.7659	1.0000	
289.9199	1.0000	2.0000	1.0000	
292.9199	1.0000	1.8485	1.0000	
295.7684	1.0000	0.9101	1.0000	
297.6786	1.0000	0.8004	1.0000	
299.4790	2.0000	1.0463	1.0000	
301.5253	1.0000	1.0363	1.0000	
303.5616	1.0000	1.7555	1.0000	
306.3171	1.0000	0.7810	1.0000	
308.0981	1.0000	0.7108	1.0000	
309.8089	2.0000	1.2662	1.0000	
312.0751	1.0000	1.0664	1.0000	
314.1415	1.0000	1.1380	1.0000	
316.2796	2.0000	0.8297	1.0000	
318.1093	1.0000	0.7867	1.0000	
319.8960	1.0000	1.0900	1.0000	
321.9860	1.0000	0.8207	1.0000	
323.8067	1.0000	1.8079	1.0000	
326.6146	1.0000	1.3323	1.0000	
328.9469	1.0000	0.7724	1.0000	
330.7192	1.0000	1.1532	1.0000	
332.8724	1.0000	2.0000	1.0000	
335.8724	1.0000	0.9975	1.0000	
337.8699	1.0000	0.8462	1.0000	
339.7161	1.0000	1.2355	1.0000	
341.9516	1.0000	0.7543	1.0000	
343.7059	1.0000	0.8691	1.0000	
345.5750	2.0000	0.8364	1.0000	
347.4114	1.0000	0.7295	1.0000	
349.1409	1.0000	0.8297	1.0000	
350.9706	1.0000	0.8674	1.0000	
352.8380	1.0000	0.8437	1.0000	
354.6817	1.0000	0.8750	1.0000	
356.5567	1.0000	1.0463	1.0000	
358.6030	1.0000	1.0065	1.0000	
360.6095	2.0000	0.8070	1.0000	
362.4165	1.0000	1.0929	1.0000	
364.5094	1.0000	0.9231	1.0000	
366.4325	1.0000	1.1642	1.0000	
368.5967	1.0000	1.0027	1.0000	
370.5995	1.0000	0.8439	1.0000	

