Event1 onset	Trial type	ISI1	Event1Dur	
0.0000	1.0000	0.7144	1.0000	
1.7144	2.0000	0.9008	1.0000	
3.6153	1.0000	0.8290	1.0000	
5.4442	1.0000	0.8006	1.0000	
7.2448	1.0000	0.9119	1.0000	
9.1567	1.0000	0.9444	1.0000	
11.1011	1.0000	1.4589	1.0000	
13.5600	1.0000	1.1087	1.0000	
15.6687	1.0000	0.7568	1.0000	
17.4255	2.0000	0.7568	1.0000	
19.1823	1.0000	1.2181	1.0000	
21.4005	2.0000	0.7482	1.0000	
23.1487	1.0000	0.7245	1.0000	
24.8732	1.0000	0.7699	1.0000	
26.6432	2.0000	0.7441	1.0000	
28.3873	1.0000	0.8224	1.0000	
30.2097	1.0000	0.9731	1.0000	
32.1829	1.0000	0.7468	1.0000	
33.9297	1.0000	1.5576	1.0000	
36.4872	1.0000	1.9256	1.0000	
39.4129	1.0000	0.7371	1.0000	
41.1500	1.0000	0.8992	1.0000	
43.0492	1.0000	1.2744	1.0000	
45.3236	1.0000	0.8476	1.0000	
47.1712	1.0000	1.3612	1.0000	
49.5325	1.0000	1.5587	1.0000	
52.0912	1.0000	1.1233	1.0000	
54.2144	2.0000	1.1764	1.0000	
56.3909	1.0000	0.7441	1.0000	
58.1350	1.0000	0.7645	1.0000	
59.8995	1.0000	1.5246	1.0000	
62.4241	1.0000	0.7464	1.0000	
64.1705	2.0000	0.7858	1.0000	
65.9564	1.0000	1.5654	1.0000	
68.5218	1.0000	1.1570	1.0000	
70.6788	1.0000	0.7487	1.0000	
72.4275	1.0000	2.0000	1.0000	
75.4275	1.0000	1.6699	1.0000	
78.0975	2.0000	1.4401	1.0000	
80.5375	1.0000	1.9900	1.0000	
83.5275	1.0000	1.3136	1.0000	
85.8412	1.0000	1.0251	1.0000	
87.8663	1.0000	1.1064	1.0000	
89.9727	2.0000	0.7871	1.0000	
91.7599	1.0000	0.7061	1.0000	
93.4660	2.0000	0.7487	1.0000	
95.2147	1.0000	0.7250	1.0000	
96.9397	1.0000	0.9512	1.0000	
98.8909	1.0000	2.0000	1.0000	
101.8909	1.0000	1.4572	1.0000	
104.3482	1.0000	1.2123	1.0000	
106.5605	2.0000	0.7699	1.0000	
108.3304	1.0000	0.8074	1.0000	
110.1378	1.0000	0.7868	1.0000	
111.9246	1.0000	0.8649	1.0000	
113.7895	1.0000	0.7660	1.0000	
115.5555	1.0000	0.8112	1.0000	
117.3667	1.0000	0.8246	1.0000	
119.1912	2.0000	0.7305	1.0000	
120.9217	1.0000	0.8651	1.0000	
122.7868	1.0000	1.8637	1.0000	
125.6505	2.0000	0.8085	1.0000	
127.4589	1.0000	0.8709	1.0000	
129.3298	1.0000	0.8558	1.0000	
131.1856	1.0000	0.8062	1.0000	
132.9918	1.0000	1.7018	1.0000	
135.6936	1.0000	0.7223	1.0000	
137.4160	1.0000	1.5795	1.0000	
139.9955	1.0000	1.5663	1.0000	
142.5618	1.0000	1.0349	1.0000	
144.5967	1.0000	0.7122	1.0000	
146.3089	1.0000	0.7469	1.0000	
148.0559	1.0000	1.1419	1.0000	
150.1977	2.0000	0.8261	1.0000	
152.0238	1.0000	0.7076	1.0000	
153.7314	1.0000	0.9199	1.0000	
155.6513	1.0000	1.7411	1.0000	
158.3924	1.0000	1.3316	1.0000	
160.7240	2.0000	0.9512	1.0000	
162.6752	1.0000	1.0626	1.0000	
164.7378	1.0000	0.7670	1.0000	
166.5048	1.0000	0.9639	1.0000	
168.4687	1.0000	1.6801	1.0000	
171.1488	1.0000	1.2133	1.0000	
173.3622	2.0000	0.9334	1.0000	
175.2956	1.0000	0.7245	1.0000	
177.0201	1.0000	1.4194	1.0000	
179.4395	1.0000	0.8257	1.0000	
181.2652	1.0000	1.2063	1.0000	
183.4716	1.0000	0.9011	1.0000	
185.3727	1.0000	0.8616	1.0000	
187.2343	1.0000	1.5259	1.0000	
189.7602	1.0000	2.0000	1.0000	
192.7602	1.0000	0.8308	1.0000	
194.5911	1.0000	1.0740	1.0000	
196.6651	1.0000	0.8344	1.0000	
198.4994	1.0000	1.0272	1.0000	
200.5266	1.0000	1.4255	1.0000	
202.9521	2.0000	0.8344	1.0000	
204.7865	1.0000	0.9875	1.0000	
206.7740	1.0000	0.7689	1.0000	
208.5429	1.0000	0.7165	1.0000	
210.2594	1.0000	1.1362	1.0000	
212.3956	1.0000	0.8085	1.0000	
214.2040	1.0000	0.8804	1.0000	
216.0844	1.0000	2.0000	1.0000	
219.0844	2.0000	0.9539	1.0000	
221.0383	1.0000	0.9207	1.0000	
222.9590	1.0000	2.0000	1.0000	
225.9590	1.0000	0.8038	1.0000	
227.7628	1.0000	1.0518	1.0000	
229.8146	1.0000	0.7630	1.0000	
231.5775	1.0000	0.8469	1.0000	
233.4244	1.0000	1.0145	1.0000	
235.4389	1.0000	1.2585	1.0000	
237.6974	1.0000	1.0786	1.0000	
239.7760	1.0000	0.7700	1.0000	
241.5461	1.0000	0.7927	1.0000	
243.3387	2.0000	0.8290	1.0000	
245.1677	1.0000	2.0000	1.0000	
248.1677	1.0000	0.7656	1.0000	
249.9333	1.0000	1.7675	1.0000	
252.7008	1.0000	1.1537	1.0000	
254.8544	1.0000	0.9074	1.0000	
256.7618	1.0000	0.9754	1.0000	
258.7371	2.0000	1.5379	1.0000	
261.2751	1.0000	0.8469	1.0000	
263.1220	1.0000	0.7946	1.0000	
264.9166	1.0000	2.0000	1.0000	
267.9166	2.0000	0.8840	1.0000	
269.8006	1.0000	0.9468	1.0000	
271.7475	1.0000	0.9209	1.0000	
273.6684	1.0000	0.9626	1.0000	
275.6310	2.0000	0.8117	1.0000	
277.4427	1.0000	0.7575	1.0000	
279.2002	2.0000	1.0786	1.0000	
281.2789	1.0000	1.1447	1.0000	
283.4236	1.0000	0.8110	1.0000	
285.2346	2.0000	1.1538	1.0000	
287.3884	1.0000	0.7407	1.0000	
289.1292	1.0000	1.4401	1.0000	
291.5692	1.0000	1.0050	1.0000	
293.5742	1.0000	0.8754	1.0000	
295.4496	2.0000	0.7630	1.0000	
297.2126	1.0000	2.0000	1.0000	
300.2126	1.0000	0.7440	1.0000	
301.9566	1.0000	0.7267	1.0000	
303.6833	1.0000	0.8674	1.0000	
305.5507	2.0000	0.8038	1.0000	
307.3545	1.0000	0.9730	1.0000	
309.3274	1.0000	0.7818	1.0000	
311.1092	2.0000	0.8112	1.0000	
312.9204	1.0000	0.9008	1.0000	
314.8213	1.0000	1.1666	1.0000	
316.9878	1.0000	1.9957	1.0000	
319.9835	1.0000	2.0000	1.0000	
322.9835	1.0000	1.4191	1.0000	
325.4027	1.0000	0.7490	1.0000	
327.1516	1.0000	1.0577	1.0000	
329.2093	1.0000	0.7482	1.0000	
330.9575	2.0000	1.4921	1.0000	
333.4496	1.0000	0.7871	1.0000	
335.2368	1.0000	0.8199	1.0000	
337.0567	1.0000	0.8840	1.0000	
338.9407	1.0000	0.7401	1.0000	
340.6808	1.0000	0.8958	1.0000	
342.5766	2.0000	1.3136	1.0000	
344.8902	1.0000	0.7258	1.0000	
346.6160	1.0000	0.9334	1.0000	
348.5494	1.0000	0.8964	1.0000	
350.4458	1.0000	0.8275	1.0000	
352.2734	1.0000	1.0777	1.0000	
354.3511	2.0000	2.0000	1.0000	
357.3511	1.0000	1.4709	1.0000	
359.8219	1.0000	2.0000	1.0000	
362.8219	1.0000	2.0000	1.0000	
365.8219	1.0000	1.1538	1.0000	
367.9757	2.0000	0.9074	1.0000	
369.8831	1.0000	0.9262	1.0000	
371.8093	1.0000	1.0509	1.0000	

