Event1 onset	Trial type	ISI1	Event1Dur	
0.0000	1.0000	0.9145	1.0000	
1.9145	1.0000	0.9015	1.0000	
3.8160	1.0000	0.7897	1.0000	
5.6057	2.0000	0.7047	1.0000	
7.3104	1.0000	1.1938	1.0000	
9.5043	1.0000	0.7051	1.0000	
11.2094	1.0000	0.7696	1.0000	
12.9790	1.0000	1.3570	1.0000	
15.3360	1.0000	1.1674	1.0000	
17.5034	2.0000	0.8439	1.0000	
19.3472	1.0000	0.9038	1.0000	
21.2511	1.0000	0.8488	1.0000	
23.0999	1.0000	0.9945	1.0000	
25.0944	1.0000	0.9621	1.0000	
27.0565	1.0000	2.0000	1.0000	
30.0565	1.0000	1.1295	1.0000	
32.1860	1.0000	1.3492	1.0000	
34.5352	1.0000	2.0000	1.0000	
37.5352	1.0000	0.9852	1.0000	
39.5205	1.0000	1.1575	1.0000	
41.6779	1.0000	0.7269	1.0000	
43.4049	2.0000	0.7659	1.0000	
45.1707	1.0000	0.7767	1.0000	
46.9474	1.0000	1.8727	1.0000	
49.8201	1.0000	1.4619	1.0000	
52.2821	1.0000	1.4677	1.0000	
54.7498	1.0000	0.9300	1.0000	
56.6798	1.0000	1.2402	1.0000	
58.9200	2.0000	0.8954	1.0000	
60.8154	1.0000	0.7630	1.0000	
62.5783	1.0000	1.1033	1.0000	
64.6816	1.0000	1.9990	1.0000	
67.6807	1.0000	1.2287	1.0000	
69.9094	1.0000	0.9095	1.0000	
71.8189	1.0000	0.9517	1.0000	
73.7706	2.0000	2.0000	1.0000	
76.7706	1.0000	0.7268	1.0000	
78.4974	1.0000	1.1906	1.0000	
80.6880	1.0000	1.3393	1.0000	
83.0273	2.0000	0.8064	1.0000	
84.8336	1.0000	0.7459	1.0000	
86.5795	2.0000	0.7897	1.0000	
88.3692	1.0000	0.7870	1.0000	
90.1562	1.0000	1.1750	1.0000	
92.3313	2.0000	1.1469	1.0000	
94.4782	1.0000	0.7980	1.0000	
96.2761	1.0000	2.0000	1.0000	
99.2761	1.0000	1.0458	1.0000	
101.3219	1.0000	0.8408	1.0000	
103.1628	1.0000	0.7592	1.0000	
104.9219	1.0000	0.7055	1.0000	
106.6274	1.0000	1.3013	1.0000	
108.9288	1.0000	1.1469	1.0000	
111.0757	1.0000	0.7450	1.0000	
112.8207	1.0000	1.3950	1.0000	
115.2157	2.0000	0.7957	1.0000	
117.0114	1.0000	0.7695	1.0000	
118.7809	1.0000	0.7477	1.0000	
120.5285	2.0000	1.4131	1.0000	
122.9417	1.0000	1.3670	1.0000	
125.3087	1.0000	0.9432	1.0000	
127.2518	1.0000	0.8938	1.0000	
129.1457	2.0000	0.7032	1.0000	
130.8488	1.0000	0.7027	1.0000	
132.5515	1.0000	1.4921	1.0000	
135.0437	2.0000	1.4921	1.0000	
137.5358	1.0000	1.0718	1.0000	
139.6075	1.0000	0.7497	1.0000	
141.3572	1.0000	1.2045	1.0000	
143.5617	1.0000	2.0000	1.0000	
146.5617	2.0000	1.2484	1.0000	
148.8101	1.0000	0.7296	1.0000	
150.5396	1.0000	1.0267	1.0000	
152.5664	2.0000	1.7377	1.0000	
155.3040	1.0000	1.1473	1.0000	
157.4514	1.0000	1.5057	1.0000	
159.9571	2.0000	0.8477	1.0000	
161.8048	1.0000	1.3645	1.0000	
164.1693	1.0000	0.9012	1.0000	
166.0706	1.0000	0.9593	1.0000	
168.0299	2.0000	0.9945	1.0000	
170.0244	1.0000	0.8717	1.0000	
171.8961	1.0000	1.4131	1.0000	
174.3092	1.0000	1.9166	1.0000	
177.2258	1.0000	0.9676	1.0000	
179.1934	1.0000	0.8234	1.0000	
181.0168	1.0000	1.5417	1.0000	
183.5585	1.0000	0.7891	1.0000	
185.3475	2.0000	1.1906	1.0000	
187.5382	1.0000	0.9517	1.0000	
189.4898	1.0000	0.7552	1.0000	
191.2450	1.0000	1.9881	1.0000	
194.2331	1.0000	1.2484	1.0000	
196.4814	1.0000	0.7920	1.0000	
198.2734	2.0000	1.1978	1.0000	
200.4712	1.0000	1.5774	1.0000	
203.0486	1.0000	0.7598	1.0000	
204.8084	1.0000	1.0230	1.0000	
206.8314	1.0000	0.7304	1.0000	
208.5618	2.0000	0.8528	1.0000	
210.4147	1.0000	1.7377	1.0000	
213.1523	1.0000	1.8371	1.0000	
215.9894	1.0000	1.3919	1.0000	
218.3813	1.0000	0.7852	1.0000	
220.1665	1.0000	1.1054	1.0000	
222.2719	1.0000	2.0000	1.0000	
225.2719	1.0000	1.5250	1.0000	
227.7969	1.0000	0.7487	1.0000	
229.5456	1.0000	1.4973	1.0000	
232.0429	2.0000	0.7051	1.0000	
233.7480	1.0000	0.7027	1.0000	
235.4507	1.0000	1.1573	1.0000	
237.6080	1.0000	0.8834	1.0000	
239.4914	1.0000	0.7728	1.0000	
241.2642	2.0000	1.0267	1.0000	
243.2910	1.0000	0.7688	1.0000	
245.0598	1.0000	0.8879	1.0000	
246.9476	1.0000	0.8773	1.0000	
248.8249	1.0000	1.6342	1.0000	
251.4592	1.0000	1.5799	1.0000	
254.0390	1.0000	0.7101	1.0000	
255.7492	2.0000	0.7891	1.0000	
257.5382	1.0000	0.9548	1.0000	
259.4930	1.0000	0.7297	1.0000	
261.2228	2.0000	0.7047	1.0000	
262.9275	1.0000	0.7247	1.0000	
264.6522	1.0000	0.7166	1.0000	
266.3688	1.0000	0.7464	1.0000	
268.1152	1.0000	0.7284	1.0000	
269.8435	2.0000	0.7338	1.0000	
271.5774	1.0000	0.8064	1.0000	
273.3838	1.0000	1.3022	1.0000	
275.6860	1.0000	0.8169	1.0000	
277.5029	2.0000	1.7154	1.0000	
280.2183	1.0000	0.7028	1.0000	
281.9211	1.0000	0.8040	1.0000	
283.7251	1.0000	0.7566	1.0000	
285.4817	2.0000	1.5057	1.0000	
287.9874	1.0000	0.7338	1.0000	
289.7212	1.0000	1.5211	1.0000	
292.2423	1.0000	1.0969	1.0000	
294.3392	1.0000	1.1473	1.0000	
296.4865	1.0000	1.0491	1.0000	
298.5357	1.0000	1.6434	1.0000	
301.1791	1.0000	1.0380	1.0000	
303.2170	1.0000	1.5991	1.0000	
305.8161	1.0000	0.8479	1.0000	
307.6639	1.0000	1.3645	1.0000	
310.0285	2.0000	0.9386	1.0000	
311.9671	1.0000	1.9930	1.0000	
314.9601	1.0000	0.8210	1.0000	
316.7811	1.0000	1.4318	1.0000	
319.2129	1.0000	0.8173	1.0000	
321.0302	2.0000	0.7552	1.0000	
322.7853	1.0000	2.0000	1.0000	
325.7853	1.0000	0.8412	1.0000	
327.6266	1.0000	1.4922	1.0000	
330.1187	1.0000	1.1777	1.0000	
332.2964	1.0000	1.3884	1.0000	
334.6849	1.0000	0.8763	1.0000	
336.5612	1.0000	1.1425	1.0000	
338.7036	1.0000	1.8613	1.0000	
341.5649	1.0000	0.9386	1.0000	
343.5035	1.0000	1.0544	1.0000	
345.5580	1.0000	1.0368	1.0000	
347.5947	2.0000	0.8234	1.0000	
349.4182	1.0000	0.8479	1.0000	
351.2660	1.0000	0.7513	1.0000	
353.0173	1.0000	1.3123	1.0000	
355.3296	2.0000	0.8173	1.0000	
357.1469	1.0000	0.7282	1.0000	
358.8750	1.0000	0.7957	1.0000	
360.6708	1.0000	1.2734	1.0000	
362.9442	1.0000	0.9257	1.0000	
364.8698	1.0000	0.7514	1.0000	
366.6212	1.0000	1.3962	1.0000	
369.0175	1.0000	0.8749	1.0000	
370.8924	1.0000	0.9361	1.0000	
372.8285	1.0000	0.8401	1.0000	
374.6686	1.0000	0.7236	1.0000	

