Event1 onset	Trial type	ISI1	Event1Dur	
0.0000	1.0000	0.9016	1.0000	
1.9016	1.0000	0.9755	1.0000	
3.8771	1.0000	1.2030	1.0000	
6.0801	2.0000	0.9708	1.0000	
8.0509	1.0000	0.7006	1.0000	
9.7515	1.0000	0.7080	1.0000	
11.4595	1.0000	1.3476	1.0000	
13.8071	1.0000	1.5391	1.0000	
16.3462	1.0000	0.7330	1.0000	
18.0792	1.0000	0.8873	1.0000	
19.9665	1.0000	1.0618	1.0000	
22.0283	2.0000	1.2495	1.0000	
24.2778	1.0000	1.1196	1.0000	
26.3975	1.0000	1.5876	1.0000	
28.9851	1.0000	1.0232	1.0000	
31.0083	1.0000	0.9431	1.0000	
32.9514	2.0000	1.4610	1.0000	
35.4124	1.0000	1.0965	1.0000	
37.5089	1.0000	0.7241	1.0000	
39.2330	1.0000	0.9557	1.0000	
41.1887	2.0000	0.8856	1.0000	
43.0743	1.0000	0.7247	1.0000	
44.7990	1.0000	1.1335	1.0000	
46.9325	1.0000	0.9280	1.0000	
48.8606	2.0000	2.0000	1.0000	
51.8606	1.0000	0.8519	1.0000	
53.7125	1.0000	0.8379	1.0000	
55.5503	1.0000	0.7194	1.0000	
57.2697	1.0000	1.4687	1.0000	
59.7384	1.0000	0.8899	1.0000	
61.6283	1.0000	0.8856	1.0000	
63.5139	1.0000	0.7804	1.0000	
65.2943	2.0000	1.0303	1.0000	
67.3247	1.0000	0.7012	1.0000	
69.0259	1.0000	0.7260	1.0000	
70.7519	1.0000	0.7785	1.0000	
72.5304	2.0000	1.0697	1.0000	
74.6001	1.0000	1.5361	1.0000	
77.1362	1.0000	0.9104	1.0000	
79.0466	1.0000	0.7585	1.0000	
80.8051	2.0000	1.3350	1.0000	
83.1401	1.0000	1.0539	1.0000	
85.1940	1.0000	2.0000	1.0000	
88.1940	1.0000	0.8856	1.0000	
90.0796	1.0000	1.3957	1.0000	
92.4753	1.0000	1.3615	1.0000	
94.8367	1.0000	1.7766	1.0000	
97.6134	1.0000	1.6533	1.0000	
100.2667	2.0000	1.7880	1.0000	
103.0547	1.0000	1.4196	1.0000	
105.4743	1.0000	0.7208	1.0000	
107.1951	2.0000	1.3087	1.0000	
109.5038	1.0000	2.0000	1.0000	
112.5038	1.0000	1.0697	1.0000	
114.5735	1.0000	1.2495	1.0000	
116.8230	1.0000	2.0000	1.0000	
119.8230	1.0000	0.7430	1.0000	
121.5660	1.0000	1.2007	1.0000	
123.7667	1.0000	0.8027	1.0000	
125.5694	2.0000	0.7263	1.0000	
127.2957	1.0000	1.1949	1.0000	
129.4906	1.0000	0.8626	1.0000	
131.3531	1.0000	0.7788	1.0000	
133.1319	1.0000	1.4732	1.0000	
135.6051	2.0000	1.2429	1.0000	
137.8480	1.0000	0.9186	1.0000	
139.7666	1.0000	0.8596	1.0000	
141.6262	1.0000	1.3384	1.0000	
143.9646	1.0000	1.5361	1.0000	
146.5007	1.0000	0.8794	1.0000	
148.3802	2.0000	0.7254	1.0000	
150.1056	1.0000	0.7316	1.0000	
151.8372	1.0000	1.0539	1.0000	
153.8911	1.0000	1.0780	1.0000	
155.9691	1.0000	0.7339	1.0000	
157.7030	2.0000	0.8873	1.0000	
159.5904	1.0000	1.0927	1.0000	
161.6830	1.0000	0.7266	1.0000	
163.4096	1.0000	0.9043	1.0000	
165.3138	2.0000	0.7880	1.0000	
167.1019	1.0000	0.7256	1.0000	
168.8275	2.0000	0.8816	1.0000	
170.7091	1.0000	0.9054	1.0000	
172.6144	1.0000	0.7792	1.0000	
174.3936	1.0000	2.0000	1.0000	
177.3936	1.0000	1.3780	1.0000	
179.7716	1.0000	0.8329	1.0000	
181.6046	1.0000	0.7645	1.0000	
183.3691	1.0000	1.1374	1.0000	
185.5065	2.0000	1.4153	1.0000	
187.9218	1.0000	1.4897	1.0000	
190.4115	1.0000	1.8021	1.0000	
193.2136	1.0000	1.6586	1.0000	
195.8722	1.0000	1.1869	1.0000	
198.0591	1.0000	1.4843	1.0000	
200.5434	1.0000	0.7278	1.0000	
202.2712	2.0000	0.7339	1.0000	
204.0052	1.0000	0.7254	1.0000	
205.7306	2.0000	1.0965	1.0000	
207.8271	1.0000	1.1149	1.0000	
209.9420	1.0000	0.9280	1.0000	
211.8701	1.0000	1.1164	1.0000	
213.9865	1.0000	1.2717	1.0000	
216.2582	1.0000	0.7060	1.0000	
217.9642	2.0000	0.7773	1.0000	
219.7415	1.0000	0.7558	1.0000	
221.4974	1.0000	1.0798	1.0000	
223.5772	1.0000	0.8005	1.0000	
225.3776	1.0000	0.9182	1.0000	
227.2958	1.0000	1.2192	1.0000	
229.5150	1.0000	1.3456	1.0000	
231.8606	1.0000	2.0000	1.0000	
234.8606	1.0000	0.8003	1.0000	
236.6609	1.0000	1.1262	1.0000	
238.7870	1.0000	0.7347	1.0000	
240.5217	1.0000	0.7109	1.0000	
242.2325	1.0000	0.9976	1.0000	
244.2301	1.0000	0.7773	1.0000	
246.0074	1.0000	0.8791	1.0000	
247.8865	2.0000	1.4687	1.0000	
250.3552	1.0000	0.7591	1.0000	
252.1143	1.0000	0.7894	1.0000	
253.9037	1.0000	0.9870	1.0000	
255.8907	1.0000	0.8946	1.0000	
257.7853	1.0000	0.9708	1.0000	
259.7561	2.0000	0.7094	1.0000	
261.4655	1.0000	1.1456	1.0000	
263.6110	1.0000	0.9255	1.0000	
265.5365	1.0000	0.7045	1.0000	
267.2410	1.0000	0.7760	1.0000	
269.0170	1.0000	0.8604	1.0000	
270.8774	2.0000	1.8718	1.0000	
273.7492	1.0000	1.2728	1.0000	
276.0220	1.0000	1.4296	1.0000	
278.4516	1.0000	0.8063	1.0000	
280.2580	1.0000	1.3563	1.0000	
282.6143	2.0000	1.0534	1.0000	
284.6677	1.0000	0.9002	1.0000	
286.5679	1.0000	0.7316	1.0000	
288.2996	1.0000	1.3742	1.0000	
290.6738	1.0000	2.0000	1.0000	
293.6738	1.0000	0.8784	1.0000	
295.5522	1.0000	0.7381	1.0000	
297.2903	1.0000	0.7964	1.0000	
299.0867	1.0000	1.0312	1.0000	
301.1179	1.0000	0.9832	1.0000	
303.1010	1.0000	0.9129	1.0000	
305.0139	2.0000	0.9344	1.0000	
306.9483	1.0000	0.7591	1.0000	
308.7074	1.0000	2.0000	1.0000	
311.7074	1.0000	0.7942	1.0000	
313.5016	1.0000	1.8718	1.0000	
316.3733	1.0000	0.7880	1.0000	
318.1614	1.0000	1.0824	1.0000	
320.2438	1.0000	1.0669	1.0000	
322.3107	1.0000	1.5455	1.0000	
324.8562	1.0000	0.7510	1.0000	
326.6072	1.0000	0.8654	1.0000	
328.4726	2.0000	0.9002	1.0000	
330.3728	1.0000	0.8832	1.0000	
332.2561	1.0000	0.9063	1.0000	
334.1624	1.0000	1.1364	1.0000	
336.2988	1.0000	0.9877	1.0000	
338.2865	2.0000	0.7510	1.0000	
340.0375	1.0000	0.8329	1.0000	
341.8704	1.0000	0.7263	1.0000	
343.5967	2.0000	0.9344	1.0000	
345.5311	1.0000	0.7669	1.0000	
347.2981	1.0000	0.7831	1.0000	
349.0811	1.0000	0.7585	1.0000	
350.8396	1.0000	0.8907	1.0000	
352.7303	1.0000	1.2229	1.0000	
354.9532	2.0000	1.0976	1.0000	
357.0508	1.0000	1.4988	1.0000	
359.5496	1.0000	1.4092	1.0000	
361.9588	1.0000	1.5372	1.0000	
364.4960	1.0000	1.6609	1.0000	
367.1569	1.0000	0.8628	1.0000	
369.0196	2.0000	0.7558	1.0000	
370.7755	1.0000	1.2840	1.0000	

