Event1 onset	Trial type	ISI1	Event1Dur	
0.0000	1.0000	1.1041	1.0000	
2.1041	1.0000	0.9464	1.0000	
4.0505	2.0000	1.0366	1.0000	
6.0871	1.0000	0.8849	1.0000	
7.9720	1.0000	0.8997	1.0000	
9.8717	1.0000	0.9144	1.0000	
11.7861	1.0000	0.9783	1.0000	
13.7644	1.0000	0.8624	1.0000	
15.6268	1.0000	0.7048	1.0000	
17.3317	1.0000	0.8302	1.0000	
19.1618	2.0000	1.1086	1.0000	
21.2705	1.0000	1.1332	1.0000	
23.4036	2.0000	0.9834	1.0000	
25.3871	1.0000	0.7891	1.0000	
27.1761	1.0000	0.8253	1.0000	
29.0015	1.0000	1.2504	1.0000	
31.2519	1.0000	0.7710	1.0000	
33.0229	2.0000	0.9257	1.0000	
34.9485	1.0000	0.7285	1.0000	
36.6771	1.0000	0.8121	1.0000	
38.4892	1.0000	0.7925	1.0000	
40.2817	1.0000	0.7099	1.0000	
41.9916	1.0000	2.0000	1.0000	
44.9916	1.0000	2.0000	1.0000	
47.9916	1.0000	2.0000	1.0000	
50.9916	2.0000	0.9064	1.0000	
52.8980	1.0000	1.0704	1.0000	
54.9684	1.0000	0.9656	1.0000	
56.9341	2.0000	0.7210	1.0000	
58.6551	1.0000	0.8292	1.0000	
60.4843	1.0000	1.1737	1.0000	
62.6580	2.0000	1.1732	1.0000	
64.8312	1.0000	1.1737	1.0000	
67.0049	1.0000	0.8672	1.0000	
68.8721	1.0000	1.1732	1.0000	
71.0453	1.0000	0.7084	1.0000	
72.7537	1.0000	0.9459	1.0000	
74.6996	1.0000	0.8916	1.0000	
76.5912	1.0000	0.7322	1.0000	
78.3233	1.0000	0.7174	1.0000	
80.0407	2.0000	0.9161	1.0000	
81.9568	1.0000	1.3009	1.0000	
84.2577	1.0000	0.9605	1.0000	
86.2181	1.0000	0.8714	1.0000	
88.0895	1.0000	1.5148	1.0000	
90.6043	1.0000	0.9088	1.0000	
92.5131	1.0000	0.9992	1.0000	
94.5123	1.0000	0.8261	1.0000	
96.3384	1.0000	1.2685	1.0000	
98.6069	1.0000	0.7590	1.0000	
100.3659	1.0000	0.9158	1.0000	
102.2816	1.0000	1.0318	1.0000	
104.3134	1.0000	2.0000	1.0000	
107.3134	1.0000	0.9582	1.0000	
109.2716	1.0000	2.0000	1.0000	
112.2716	1.0000	0.7053	1.0000	
113.9769	1.0000	0.9463	1.0000	
115.9232	1.0000	0.7317	1.0000	
117.6549	2.0000	0.7633	1.0000	
119.4183	1.0000	0.7783	1.0000	
121.1966	1.0000	0.9405	1.0000	
123.1371	2.0000	0.8863	1.0000	
125.0234	1.0000	0.7855	1.0000	
126.8088	1.0000	1.9091	1.0000	
129.7180	1.0000	0.8841	1.0000	
131.6021	2.0000	0.7099	1.0000	
133.3120	1.0000	1.0762	1.0000	
135.3883	1.0000	1.4156	1.0000	
137.8039	2.0000	2.0000	1.0000	
140.8039	1.0000	1.0476	1.0000	
142.8514	2.0000	1.5224	1.0000	
145.3738	1.0000	0.9456	1.0000	
147.3194	1.0000	1.0387	1.0000	
149.3581	2.0000	0.8827	1.0000	
151.2407	1.0000	0.9783	1.0000	
153.2191	1.0000	0.7204	1.0000	
154.9394	2.0000	1.3752	1.0000	
157.3146	1.0000	0.9991	1.0000	
159.3137	1.0000	0.7218	1.0000	
161.0356	2.0000	0.8175	1.0000	
162.8531	1.0000	0.7651	1.0000	
164.6182	1.0000	0.8358	1.0000	
166.4540	2.0000	0.8302	1.0000	
168.2842	1.0000	1.0693	1.0000	
170.3535	1.0000	1.1941	1.0000	
172.5476	1.0000	1.9845	1.0000	
175.5321	1.0000	1.2913	1.0000	
177.8235	1.0000	2.0000	1.0000	
180.8235	1.0000	2.0000	1.0000	
183.8235	1.0000	0.8727	1.0000	
185.6962	1.0000	0.9731	1.0000	
187.6692	1.0000	1.2670	1.0000	
189.9363	1.0000	2.0000	1.0000	
192.9363	1.0000	0.8549	1.0000	
194.7912	1.0000	1.5224	1.0000	
197.3136	1.0000	1.0738	1.0000	
199.3874	1.0000	0.7966	1.0000	
201.1840	2.0000	0.8029	1.0000	
202.9868	1.0000	0.9459	1.0000	
204.9328	1.0000	2.0000	1.0000	
207.9328	1.0000	0.9996	1.0000	
209.9324	1.0000	0.8075	1.0000	
211.7399	1.0000	1.6264	1.0000	
214.3663	1.0000	1.1086	1.0000	
216.4749	1.0000	1.3079	1.0000	
218.7828	1.0000	0.9658	1.0000	
220.7486	1.0000	1.3287	1.0000	
223.0773	1.0000	0.9300	1.0000	
225.0073	1.0000	0.7527	1.0000	
226.7601	2.0000	0.7102	1.0000	
228.4703	1.0000	0.8175	1.0000	
230.2878	1.0000	0.7891	1.0000	
232.0769	1.0000	0.7479	1.0000	
233.8249	1.0000	0.9932	1.0000	
235.8180	1.0000	0.7102	1.0000	
237.5282	2.0000	0.9405	1.0000	
239.4688	1.0000	1.1173	1.0000	
241.5861	1.0000	0.7941	1.0000	
243.3802	2.0000	0.8841	1.0000	
245.2643	1.0000	0.8596	1.0000	
247.1239	1.0000	0.9222	1.0000	
249.0462	1.0000	1.1905	1.0000	
251.2367	2.0000	1.0704	1.0000	
253.3071	1.0000	1.3065	1.0000	
255.6135	1.0000	0.9498	1.0000	
257.5633	1.0000	1.3392	1.0000	
259.9025	1.0000	1.4079	1.0000	
262.3104	1.0000	0.9936	1.0000	
264.3040	1.0000	0.9064	1.0000	
266.2104	2.0000	1.1173	1.0000	
268.3277	1.0000	1.3411	1.0000	
270.6688	1.0000	0.8319	1.0000	
272.5007	1.0000	0.7029	1.0000	
274.2036	1.0000	0.8451	1.0000	
276.0486	1.0000	0.7555	1.0000	
277.8041	2.0000	0.7819	1.0000	
279.5860	1.0000	0.7091	1.0000	
281.2950	1.0000	1.1458	1.0000	
283.4408	1.0000	0.7172	1.0000	
285.1579	1.0000	1.1861	1.0000	
287.3440	2.0000	0.7524	1.0000	
289.0965	1.0000	0.9834	1.0000	
291.0799	1.0000	0.7374	1.0000	
292.8173	1.0000	1.0157	1.0000	
294.8330	2.0000	0.9996	1.0000	
296.8326	1.0000	1.5466	1.0000	
299.3792	1.0000	0.9169	1.0000	
301.2961	1.0000	0.7050	1.0000	
303.0011	1.0000	0.8950	1.0000	
304.8961	1.0000	0.7932	1.0000	
306.6893	1.0000	1.3946	1.0000	
309.0839	1.0000	1.2349	1.0000	
311.3188	1.0000	0.7880	1.0000	
313.1067	1.0000	1.5744	1.0000	
315.6811	1.0000	1.5271	1.0000	
318.2082	1.0000	1.0645	1.0000	
320.2728	1.0000	0.9020	1.0000	
322.1747	2.0000	0.8714	1.0000	
324.0461	1.0000	0.9797	1.0000	
326.0258	1.0000	0.7187	1.0000	
327.7445	1.0000	0.7469	1.0000	
329.4913	1.0000	1.3752	1.0000	
331.8665	1.0000	1.5778	1.0000	
334.4443	1.0000	0.8040	1.0000	
336.2483	1.0000	0.8762	1.0000	
338.1245	1.0000	0.7392	1.0000	
339.8637	2.0000	0.8075	1.0000	
341.6713	1.0000	1.6936	1.0000	
344.3649	1.0000	0.8827	1.0000	
346.2475	2.0000	0.9498	1.0000	
348.1973	1.0000	1.2363	1.0000	
350.4336	1.0000	0.9841	1.0000	
352.4177	1.0000	1.0167	1.0000	
354.4345	1.0000	0.7341	1.0000	
356.1685	2.0000	1.4369	1.0000	
358.6054	1.0000	1.9813	1.0000	
361.5867	1.0000	1.1650	1.0000	
363.7518	1.0000	1.9443	1.0000	
366.6960	1.0000	1.0366	1.0000	
368.7326	1.0000	1.8731	1.0000	

